4
300
34
300
180
228
6
5
16
46
172
152
18
29
86
86
85
23
16
18
23
16
20
18
184
9
33
199
16
13
32
284
75
163
201
165
40
39
38
37
37
39
0
47
46
52
51
39
47
46
47
803
33
795
75
470
44
46
6
5
44
64
29
226
67
35
523
121
222
241
31
47
46
27
109
297
75
11
58
57
5
31
5
24
16
16
0
31
127
39
46
94
63
108
0
0
0
0
0
0
0
0
4
34
2
33
33
5
118
117
55
110
110
55
118
118
137
281
140
26
67
67
117
118
55
137
137
133
132
0
0
129
69
171
11
134
118
137
26
137
5
34
73
47
155
154
744
141
76
674
20
578
12
115
116
126
127
722
69
158
486
165
482
163
162
222
304
63
167
672
0
11
660
655
641
400
155
322
754
163
162
646
154
724
722
194
33
193
188
18
63
291
2
458
191
186
259
46
37
201
33
208
75
76
73
46
200
202
109
199
196
230
201
257
266
205
33
35
211
212
48
48
204
201
13
26
5
234
31
239
196
589
196
239
236
237
198
205
222
0
68
66
75
14
0
0
62
44
25
202
219
226
62
255
26
234
35
201
205
46
47
211
29
0
0
47
266
674
230
196
155
191
276
275
0
0
152
279
741
276
137
697
732
178
183
47
67
65
674
284
283
283
519
284
283
178
76
75
302
301
267
267
196
178
304
303
302
267
267
39
56
219
220
259
257
62
322
62
225
14
145
178
305
460
31
0
0
46
49
0
0
283
284
46
49
249
38
34
220
343
342
341
340
302
355
355
302
213
314
75
211
0
0
178
267
179
267
642
46
49
339
262
0
196
263
336
166
672
283
856
420
162
164
34
196
379
196
236
239
60
46
46
840
839
846
844
0
384
383
393
392
230
390
0
0
390
0
403
402
405
400
405
386
0
0
0
0
668
306
413
592
420
416
108
20
412
413
420
412
410
412
419
416
609
424
0
413
416
390
429
435
392
363
360
359
435
364
440
429
431
429
440
0
0
0
0
0
0
0
469
542
540
469
227
451
450
467
302
502
510
464
467
461
527
545
384
461
840
688
468
62
473
461
10
31
62
658
563
480
473
26
10
497
496
154
540
473
498
471
151
459
1
486
898
949
478
498
507
493
26
548
467
456
503
502
486
511
496
493
469
140
505
504
486
154
4
562
470
641
887
86
469
557
523
1001
463
452
492
62
492
540
538
508
506
527
1016
506
540
537
538
467
538
541
537
486
273
478
620
562
556
467
539
549
0
507
557
556
556
556
20
507
537
539
478
89
20
18
18
18
543
0
539
605
502
545
574
129
491
502
554
508
492
532
200
20
585
108
533
25
533
533
416
422
600
129
589
413
596
158
585
594
543
23
502
539
537
471
200
422
424
23
635
625
775
620
617
176
619
618
145
85
614
612
771
613
635
86
85
615
613
776
507
663
847
780
612
697
300
548
69
63
358
286
285
622
158
646
48
153
641
33
646
47
75
165
33
35
495
175
163
16
482
674
660
663
56
306
38
675
163
26
25
313
369
222
294
675
369
469
683
236
540
467
469
236
357
46
641
63
176
478
646
659
76
616
147
701
616
118
698
697
147
50
675
709
0
691
711
546
549
986
463
137
470
502
809
557
964
482
721
222
646
721
25
907
908
51
25
724
62
742
679
952
155
26
728
77
25
32
903
275
685
20
56
55
290
470
657
747
167
31
709
62
932
933
754
86
761
764
773
709
24
766
721
46
47
732
24
46
709
151
620
760
709
614
767
478
501
620
622
548
0
478
46
547
478
478
555
758
29
806
304
651
2
46
791
791
42
771
153
791
994
724
478
557
303
792
20
0
0
152
994
785
46
198
75
791
727
75
651
797
805
808
801
817
994
801
89
88
823
0
0
651
75
826
831
156
882
384
698
846
846
698
846
847
614
634
857
500
849
722
38
857
849
658
664
611
50
540
459
0
29
202
85
165
25
86
674
16
611
0
556
566
20
483
856
154
146
616
468
469
612
470
614
884
698
493
520
67
663
895
85
31
658
871
897
871
895
20
556
871
178
740
62
663
915
725
726
711
46
868
178
856
722
917
882
912
178
178
300
39
46
46
659
917
237
67
963
962
969
672
754
755
371
780
1012
62
12
0
0
775
943
763
757
787
960
470
1012
911
494
35
658
494
950
761
178
992
949
547
20
154
155
493
959
369
890
959
931
930
32
541
29
31
616
982
32
305
196
305
196
668
306
668
612
775
491
752
467
491
471
46
954
767
826
996
239
0
1001
1000
0
0
63
675
498
485
493
536
525
493
507
486
1015
1007
20
0
536
493
711
1017
32
230
0
0
0
